temperature=24.6000003815
humidity=23.3999996185